3978.0,
10056.0,
524.5,
-358.5,
-1386.0,
-4910.0,
224.2,
-325.5,
2182.0,
-2100.0,
-205.1,
150.2,
3256.0,
890.0,
394.5,
3576.0,
2790.0,
-4530.0,
1584.0,
-2452.0,
2104.0,
-180.4,
-2486.0,
-3888.0,
-135.4,
-477.2,
0.638,
63.06,
3674.0,
193.6,
-3330.0,
990.5,
5030.0,
-514.5,
-1249.0,
934.5,
-2284.0,
425.0,
687.0,
-1478.0,
3598.0,
2798.0,
2960.0,
-1920.0,
-4130.0,
421.2,
-1069.0,
3630.0,
520.5,
-133.9,
-1567.0,
-885.5,
-3600.0,
2322.0,
-820.0,
9336.0,
-1394.0,
-7580.0,
229.9,
25.89,
483.5,
-3100.0,
-4620.0,
600.5,
7204.0,
394.8,
2896.0,
2434.0,
-695.5,
-1252.0,
-820.0,
-379.0,
740.0,
336.0,
362.0,
1262.0,
978.5,
-2672.0,
-92.4,
-1543.0,
-3700.0,
-257.2,
-5930.0,
1013.5,
-12580.0,
377.5,
4504.0,
-6148.0,
-933.0,
119.0,
-4704.0,
-1328.0,
-1383.0,
1630.0,
-60.0,
-1862.0,
-3714.0,
-414.0,
-7740.0,
86.7,
-1585.0,
-87.1,
2976.0,
-1549.0,
1315.0,
1479.0,
-36.28,
35.53,
4796.0,
-4548.0,
-362.5,
2514.0,
6188.0,
-160.2,
2174.0,
-587.5,
1191.0,
2120.0,
1484.0,
698.5,
-3410.0,
-904.5,
2160.0,
-5412.0,
-1690.0,
-810.5,
-197.9,
-3390.0,
1920.0,
-989.5,
-916.0,
-257.8,
54.62,
1284.0,
2434.0,
5424.0,
-34.3,
4510.0,
-467.8,
-3020.0,
-1394.0,
1956.0,
37.03,
-5344.0,
-1962.0,
-717.0,
-2420.0,
-705.5,
24.69,
-527.5,
582.5,
6780.0,
2638.0,
95.56,
-1962.0,
-459.5,
-498.5,
2574.0,
-2638.0,
-2164.0,
761.5,
4108.0,
-21870.0,
-4348.0,
96.75,
80.75,
-6140.0,
2100.0,
601.5,
-4380.0,
-5650.0,
941.0,
-5376.0,
-12590.0,
8040.0,
131.5,
-971.5,
-7604.0,
-2392.0,
-4100.0,
-2976.0,
324.5,
2424.0,
1076.0,
-217.0,
-1361.0,
-2320.0,
-1876.0,
-6424.0,
-2540.0,
5276.0,
-1262.0,
-1228.0,
-1093.0,
-1761.0,
-1166.0,
-233.8,
5668.0,
126.56,
-2848.0,
-45.4,
91.0,
867.0,
7720.0,
3240.0,
-1008.5,
-72.6,
1768.0,
37.8,
-2448.0,
231.8,
1069.0,
-1820.0,
-181.6,
-600.0,
852.0,
-2586.0,
-1390.0,
-2130.0,
6376.0,
-3960.0,
1474.0,
4504.0,
3544.0,
-12264.0,
1046.0,
-1064.0,
2310.0,
2400.0,
-8250.0,
-2240.0,
-329.8,
3772.0,
2344.0,
-470.8,
-2310.0,
-650.0,
2406.0,
6548.0,
-1754.0,
326.0,
-1187.0,
-196.1,
3856.0,
231.5,
-767.5,
-2488.0,
-5310.0,
3318.0,
78.7,
-6216.0,
-395.5,
-5810.0,
-207.4,
-1618.0,
2720.0,
-367.5,
-770.0,
-4910.0,
2018.0,
399.5,
1185.0,
-5572.0,
1208.0,
2080.0,
-3940.0,
-542.5,
-4468.0,
540.5,
3320.0,
5064.0,
-2674.0,
4628.0,
-1097.0,
568.0,
2990.0,
688.5,
-456.5,
-10630.0,
2958.0,
-2122.0,
2792.0,
-649.0,
-2470.0,
1258.0,
-2454.0,
2172.0,
1986.0,
-9110.0,
-2524.0,
-789.0,
-4014.0,
367.0,
-587.5,
-1530.0,
470.8,
-2150.0,
3310.0,
-2846.0,
-5796.0,
850.0,
2774.0,
648.0,
2490.0,
-1034.0,
-1283.0,
-313.8,
709.5,
3434.0,
-6348.0,
1398.0,
-7504.0,
-3926.0,
-126.7,
401.5,
-3938.0,
-40.34,
-394.2,
54.97,
-3098.0,
