-0.0,
-0.0002291,
-0.0003326,
-0.0002433,
0.0,
0.0002668,
0.000399,
0.0003002,
-0.0,
-0.000344,
-0.0005236,
-0.000399,
-0.0,
0.000466,
0.0007133,
0.000546,
-0.0,
-0.000639,
-0.0009775,
-0.0007467,
0.0,
0.0008693,
0.001325,
0.001009,
-0.0,
-0.001164,
-0.001768,
-0.00134,
-0.0,
0.001534,
0.00232,
0.00175,
-0.0,
-0.00199,
-0.002996,
-0.002254,
0.0,
0.002546,
0.003822,
0.002867,
-0.0,
-0.003223,
-0.00483,
-0.003616,
0.0,
0.00405,
0.006065,
0.00454,
-0.0,
-0.00508,
-0.007603,
-0.00569,
0.0,
0.006382,
0.00956,
0.007168,
-0.0,
-0.00808,
-0.012146,
-0.00914,
0.0,
0.01041,
0.01575,
0.01194,
-0.0,
-0.013855,
-0.02121,
-0.01631,
0.0,
0.0196,
0.03075,
0.02432,
-0.0,
-0.03162,
-0.05243,
-0.04465,
0.0,
0.0748,
0.159,
0.2252,
0.2502,
0.2252,
0.159,
0.0748,
0.0,
-0.04465,
-0.05243,
-0.03162,
-0.0,
0.02432,
0.03075,
0.0196,
0.0,
-0.01631,
-0.02121,
-0.013855,
-0.0,
0.01194,
0.01575,
0.01041,
0.0,
-0.00914,
-0.012146,
-0.00808,
-0.0,
0.007168,
0.00956,
0.006382,
0.0,
-0.00569,
-0.007603,
-0.00508,
-0.0,
0.00454,
0.006065,
0.00405,
0.0,
-0.003616,
-0.00483,
-0.003223,
-0.0,
0.002867,
0.003822,
0.002546,
0.0,
-0.002254,
-0.002996,
-0.00199,
-0.0,
0.00175,
0.00232,
0.001534,
-0.0,
-0.00134,
-0.001768,
-0.001164,
-0.0,
0.001009,
0.001325,
0.0008693,
0.0,
-0.0007467,
-0.0009775,
-0.000639,
-0.0,
0.000546,
0.0007133,
0.000466,
-0.0,
-0.000399,
-0.0005236,
-0.000344,
-0.0,
0.0003002,
0.000399,
0.0002668,
0.0,
-0.0002433,
-0.0003326,
-0.0002291,
