0.0,
0.0001603,
0.0,
-0.0001638,
0.0,
0.0001689,
-0.0,
-0.0001755,
0.0,
0.0001838,
-0.0,
-0.0001937,
0.0,
0.0002055,
-0.0,
-0.0002191,
0.0,
0.0002346,
0.0,
-0.000252,
0.0,
0.0002716,
-0.0,
-0.000293,
-0.0,
0.0003169,
-0.0,
-0.0003426,
0.0,
0.0003707,
-0.0,
-0.0004013,
0.0,
0.0004342,
0.0,
-0.0004697,
0.0,
0.000508,
-0.0,
-0.0005484,
0.0,
0.0005918,
-0.0,
-0.000638,
-0.0,
0.000687,
-0.0,
-0.000739,
0.0,
0.0007944,
0.0,
-0.000853,
0.0,
0.0009146,
-0.0,
-0.000979,
-0.0,
0.001049,
-0.0,
-0.0011215,
-0.0,
0.001198,
-0.0,
-0.001278,
0.0,
0.001362,
0.0,
-0.001451,
0.0,
0.001544,
-0.0,
-0.001642,
0.0,
0.001745,
-0.0,
-0.001854,
-0.0,
0.001966,
-0.0,
-0.002087,
0.0,
0.002213,
-0.0,
-0.002344,
0.0,
0.002483,
-0.0,
-0.00263,
0.0,
0.002785,
-0.0,
-0.002947,
-0.0,
0.003119,
-0.0,
-0.0033,
0.0,
0.00349,
-0.0,
-0.003693,
0.0,
0.00391,
0.0,
-0.00414,
0.0,
0.00438,
-0.0,
-0.004642,
-0.0,
0.004917,
0.0,
-0.00522,
0.0,
0.00554,
-0.0,
-0.005886,
0.0,
0.00626,
0.0,
-0.006668,
0.0,
0.007114,
-0.0,
-0.007607,
0.0,
0.00815,
0.0,
-0.00875,
0.0,
0.00942,
-0.0,
-0.01018,
0.0,
0.01105,
0.0,
-0.01204,
0.0,
0.01321,
-0.0,
-0.01457,
0.0,
0.01622,
-0.0,
-0.01825,
0.0,
0.0208,
-0.0,
-0.02412,
0.0,
0.02863,
-0.0,
-0.03513,
0.0,
0.0453,
-0.0,
-0.06354,
0.0,
0.106,
-0.0,
-0.3184,
0.5,
-0.3184,
-0.0,
0.106,
0.0,
-0.06354,
-0.0,
0.0453,
0.0,
-0.03513,
-0.0,
0.02863,
0.0,
-0.02412,
-0.0,
0.0208,
0.0,
-0.01825,
-0.0,
0.01622,
0.0,
-0.01457,
-0.0,
0.01321,
0.0,
-0.01204,
0.0,
0.01105,
0.0,
-0.01018,
-0.0,
0.00942,
0.0,
-0.00875,
0.0,
0.00815,
0.0,
-0.007607,
-0.0,
0.007114,
0.0,
-0.006668,
0.0,
0.00626,
0.0,
-0.005886,
-0.0,
0.00554,
0.0,
-0.00522,
0.0,
0.004917,
-0.0,
-0.004642,
-0.0,
0.00438,
0.0,
-0.00414,
0.0,
0.00391,
0.0,
-0.003693,
-0.0,
0.00349,
0.0,
-0.0033,
-0.0,
0.003119,
-0.0,
-0.002947,
-0.0,
0.002785,
0.0,
-0.00263,
-0.0,
0.002483,
0.0,
-0.002344,
-0.0,
0.002213,
0.0,
-0.002087,
-0.0,
0.001966,
-0.0,
-0.001854,
-0.0,
0.001745,
0.0,
-0.001642,
-0.0,
0.001544,
0.0,
-0.001451,
0.0,
0.001362,
0.0,
-0.001278,
-0.0,
0.001198,
-0.0,
-0.0011215,
-0.0,
0.001049,
-0.0,
-0.000979,
-0.0,
0.0009146,
0.0,
-0.000853,
0.0,
0.0007944,
0.0,
-0.000739,
-0.0,
0.000687,
-0.0,
-0.000638,
-0.0,
0.0005918,
0.0,
-0.0005484,
-0.0,
0.000508,
0.0,
-0.0004697,
0.0,
0.0004342,
0.0,
-0.0004013,
-0.0,
0.0003707,
0.0,
-0.0003426,
-0.0,
0.0003169,
-0.0,
-0.000293,
-0.0,
0.0002716,
0.0,
-0.000252,
0.0,
0.0002346,
0.0,
-0.0002191,
-0.0,
0.0002055,
0.0,
-0.0001937,
-0.0,
0.0001838,
0.0,
-0.0001755,
-0.0,
0.0001689,
0.0,
-0.0001638,
0.0,
0.0001603,
