-0.0,
-7.284e-05,
-0.000131,
-0.0001619,
-0.0001581,
-0.00011945,
-5.317e-05,
2.75e-05,
0.0001055,
0.0001638,
0.0001886,
0.0001727,
0.0001173,
3.22e-05,
-6.557e-05,
-0.000155,
-0.0002156,
-0.0002319,
-0.0001968,
-0.0001145,
-0.0,
0.0001234,
0.0002283,
0.0002897,
0.00029,
0.0002241,
0.00010186,
-5.364e-05,
-0.0002096,
-0.0003304,
-0.000386,
-0.0003579,
-0.0002456,
-6.795e-05,
0.0001396,
0.0003324,
0.0004647,
0.0005016,
0.000427,
0.0002491,
-0.0,
-0.0002687,
-0.0004973,
-0.0006304,
-0.00063,
-0.0004861,
-0.0002203,
0.0001157,
0.0004506,
0.000708,
0.0008235,
0.00076,
0.0005193,
0.0001432,
-0.0002928,
-0.0006933,
-0.0009646,
-0.001037,
-0.000878,
-0.0005093,
0.0,
0.000544,
0.001001,
0.001263,
0.001255,
0.0009637,
0.0004346,
-0.0002271,
-0.0008802,
-0.001377,
-0.001594,
-0.001464,
-0.000996,
-0.0002732,
0.000556,
0.001311,
0.001818,
0.001945,
0.00164,
0.000948,
-0.0,
-0.001005,
-0.001843,
-0.002317,
-0.002296,
-0.001757,
-0.00079,
0.0004115,
0.001592,
0.002481,
0.002865,
0.002626,
0.001782,
0.000488,
-0.000992,
-0.002335,
-0.00323,
-0.003448,
-0.002907,
-0.0016775,
0.0,
0.001776,
0.003254,
0.00409,
0.00405,
0.0031,
0.001394,
-0.000726,
-0.00281,
-0.004387,
-0.00507,
-0.00465,
-0.00316,
-0.000867,
0.001765,
0.00416,
0.005775,
0.006187,
0.00523,
0.003029,
-0.0,
-0.003231,
-0.00595,
-0.007515,
-0.00749,
-0.005764,
-0.00261,
0.001369,
0.005337,
0.0084,
0.009796,
0.00908,
0.006233,
0.001729,
-0.003563,
-0.00852,
-0.011986,
-0.01305,
-0.011215,
-0.006622,
0.0,
0.00737,
0.01391,
0.01804,
0.01851,
0.01472,
0.00691,
-0.003777,
-0.0154,
-0.02553,
-0.03156,
-0.0313,
-0.02327,
-0.007088,
0.01636,
0.04495,
0.0756,
0.1048,
0.1288,
0.1445,
0.1501,
0.1445,
0.1288,
0.1048,
0.0756,
0.04495,
0.01636,
-0.007088,
-0.02327,
-0.0313,
-0.03156,
-0.02553,
-0.0154,
-0.003777,
0.00691,
0.01472,
0.01851,
0.01804,
0.01391,
0.00737,
0.0,
-0.006622,
-0.011215,
-0.01305,
-0.011986,
-0.00852,
-0.003563,
0.001729,
0.006233,
0.00908,
0.009796,
0.0084,
0.005337,
0.001369,
-0.00261,
-0.005764,
-0.00749,
-0.007515,
-0.00595,
-0.003231,
-0.0,
0.003029,
0.00523,
0.006187,
0.005775,
0.00416,
0.001765,
-0.000867,
-0.00316,
-0.00465,
-0.00507,
-0.004387,
-0.00281,
-0.000726,
0.001394,
0.0031,
0.00405,
0.00409,
0.003254,
0.001776,
0.0,
-0.0016775,
-0.002907,
-0.003448,
-0.00323,
-0.002335,
-0.000992,
0.000488,
0.001782,
0.002626,
0.002865,
0.002481,
0.001592,
0.0004115,
-0.00079,
-0.001757,
-0.002296,
-0.002317,
-0.001843,
-0.001005,
-0.0,
0.000948,
0.00164,
0.001945,
0.001818,
0.001311,
0.000556,
-0.0002732,
-0.000996,
-0.001464,
-0.001594,
-0.001377,
-0.0008802,
-0.0002271,
0.0004346,
0.0009637,
0.001255,
0.001263,
0.001001,
0.000544,
0.0,
-0.0005093,
-0.000878,
-0.001037,
-0.0009646,
-0.0006933,
-0.0002928,
0.0001432,
0.0005193,
0.00076,
0.0008235,
0.000708,
0.0004506,
0.0001157,
-0.0002203,
-0.0004861,
-0.00063,
-0.0006304,
-0.0004973,
-0.0002687,
-0.0,
0.0002491,
0.000427,
0.0005016,
0.0004647,
0.0003324,
0.0001396,
-6.795e-05,
-0.0002456,
-0.0003579,
-0.000386,
-0.0003304,
-0.0002096,
-5.364e-05,
0.00010186,
0.0002241,
0.00029,
0.0002897,
0.0002283,
0.0001234,
-0.0,
-0.0001145,
-0.0001968,
-0.0002319,
-0.0002156,
-0.000155,
-6.557e-05,
3.22e-05,
0.0001173,
0.0001727,
0.0001886,
0.0001638,
0.0001055,
2.75e-05,
-5.317e-05,
-0.00011945,
-0.0001581,
-0.0001619,
-0.000131,
-7.284e-05,
