-2e-07,
-2e-07,
-2e-07,
-1e-07,
2e-07,
1.13e-06,
2.56e-06,
3.4e-06,
1.97e-06,
-2.74e-06,
-9.54e-06,
-1.484e-05,
-1.45e-05,
-6.44e-06,
7.15e-06,
1.985e-05,
2.49e-05,
1.925e-05,
6.5e-06,
-5e-06,
-7.45e-06,
0.0,
9.4e-06,
7.87e-06,
-1.28e-05,
-4.79e-05,
-7.83e-05,
-7.945e-05,
-3.654e-05,
4.25e-05,
0.0001258,
0.0001708,
0.0001478,
5.877e-05,
-5.94e-05,
-0.0001521,
-0.0001768,
-0.0001277,
-4.04e-05,
2.944e-05,
4.17e-05,
-0.0,
-4.76e-05,
-3.827e-05,
5.99e-05,
0.000216,
0.0003414,
0.0003355,
0.0001497,
-0.0001694,
-0.0004876,
-0.0006456,
-0.0005455,
-0.0002121,
0.0002098,
0.0005264,
0.0005994,
0.0004249,
0.0001321,
-9.46e-05,
-0.0001318,
0.0,
0.0001457,
0.00011545,
-0.000178,
-0.0006332,
-0.000987,
-0.000958,
-0.000422,
0.0004718,
0.001343,
0.001758,
0.00147,
0.000565,
-0.000553,
-0.001373,
-0.001549,
-0.001087,
-0.0003347,
0.0002377,
0.0003285,
-0.0,
-0.000357,
-0.0002804,
0.0004292,
0.001514,
0.002344,
0.002258,
0.000988,
-0.001097,
-0.003101,
-0.004036,
-0.003351,
-0.001281,
0.001246,
0.003078,
0.003452,
0.00241,
0.0007386,
-0.0005217,
-0.0007176,
0.0,
0.000773,
0.000605,
-0.000922,
-0.003242,
-0.005,
-0.004803,
-0.002096,
0.002321,
0.006542,
0.00849,
0.007042,
0.002686,
-0.002611,
-0.00644,
-0.007217,
-0.00504,
-0.001543,
0.00109,
0.0015,
-0.0,
-0.001618,
-0.001269,
0.001939,
0.006836,
0.010574,
0.010185,
0.004463,
-0.004967,
-0.01408,
-0.01839,
-0.01534,
-0.005898,
0.00578,
0.01439,
0.0163,
0.01151,
0.00357,
-0.00256,
-0.003578,
0.0,
0.004005,
0.003208,
-0.00502,
-0.01817,
-0.02896,
-0.02885,
-0.01313,
0.01524,
0.04538,
0.0627,
0.05582,
0.02315,
-0.02484,
-0.06903,
-0.08966,
-0.0755,
-0.02972,
0.03038,
0.08057,
0.1,
0.08057,
0.03038,
-0.02972,
-0.0755,
-0.08966,
-0.06903,
-0.02484,
0.02315,
0.05582,
0.0627,
0.04538,
0.01524,
-0.01313,
-0.02885,
-0.02896,
-0.01817,
-0.00502,
0.003208,
0.004005,
0.0,
-0.003578,
-0.00256,
0.00357,
0.01151,
0.0163,
0.01439,
0.00578,
-0.005898,
-0.01534,
-0.01839,
-0.01408,
-0.004967,
0.004463,
0.010185,
0.010574,
0.006836,
0.001939,
-0.001269,
-0.001618,
-0.0,
0.0015,
0.00109,
-0.001543,
-0.00504,
-0.007217,
-0.00644,
-0.002611,
0.002686,
0.007042,
0.00849,
0.006542,
0.002321,
-0.002096,
-0.004803,
-0.005,
-0.003242,
-0.000922,
0.000605,
0.000773,
0.0,
-0.0007176,
-0.0005217,
0.0007386,
0.00241,
0.003452,
0.003078,
0.001246,
-0.001281,
-0.003351,
-0.004036,
-0.003101,
-0.001097,
0.000988,
0.002258,
0.002344,
0.001514,
0.0004292,
-0.0002804,
-0.000357,
-0.0,
0.0003285,
0.0002377,
-0.0003347,
-0.001087,
-0.001549,
-0.001373,
-0.000553,
0.000565,
0.00147,
0.001758,
0.001343,
0.0004718,
-0.000422,
-0.000958,
-0.000987,
-0.0006332,
-0.000178,
0.00011545,
0.0001457,
0.0,
-0.0001318,
-9.46e-05,
0.0001321,
0.0004249,
0.0005994,
0.0005264,
0.0002098,
-0.0002121,
-0.0005455,
-0.0006456,
-0.0004876,
-0.0001694,
0.0001497,
0.0003355,
0.0003414,
0.000216,
5.99e-05,
-3.827e-05,
-4.76e-05,
-0.0,
4.17e-05,
2.944e-05,
-4.04e-05,
-0.0001277,
-0.0001768,
-0.0001521,
-5.94e-05,
5.877e-05,
0.0001478,
0.0001708,
0.0001258,
4.25e-05,
-3.654e-05,
-7.945e-05,
-7.83e-05,
-4.79e-05,
-1.28e-05,
7.87e-06,
9.4e-06,
0.0,
-7.45e-06,
-5e-06,
6.5e-06,
1.925e-05,
2.49e-05,
1.985e-05,
7.15e-06,
-6.44e-06,
-1.45e-05,
-1.484e-05,
-9.54e-06,
-2.74e-06,
1.97e-06,
3.4e-06,
2.56e-06,
1.13e-06,
2e-07,
-1e-07,
