0.0,
0.0001134,
0.000162,
0.0001159,
-0.0,
-0.00011945,
-0.000172,
-0.0001241,
0.0,
0.0001299,
0.0001886,
0.0001371,
-0.0,
-0.0001453,
-0.0002122,
-0.000155,
0.0,
0.0001659,
0.0002432,
0.0001783,
-0.0,
-0.000192,
-0.000282,
-0.0002073,
-0.0,
0.000224,
0.0003295,
0.0002424,
-0.0,
-0.0002623,
-0.0003858,
-0.000284,
0.0,
0.000307,
0.0004518,
0.000332,
-0.0,
-0.000359,
-0.000528,
-0.000388,
0.0,
0.0004184,
0.0006146,
0.000451,
0.0,
-0.000486,
-0.000713,
-0.0005226,
0.0,
0.0005617,
0.0008235,
0.000603,
-0.0,
-0.000647,
-0.000947,
-0.000693,
-0.0,
0.0007415,
0.001084,
0.000793,
0.0,
-0.000847,
-0.001237,
-0.0009036,
0.0,
0.000963,
0.001407,
0.001026,
-0.0,
-0.001092,
-0.001593,
-0.001162,
0.0,
0.001234,
0.0018,
0.001311,
0.0,
-0.001391,
-0.002028,
-0.001476,
0.0,
0.001565,
0.002277,
0.001658,
-0.0,
-0.001757,
-0.002556,
-0.00186,
0.0,
0.001968,
0.002865,
0.002085,
0.0,
-0.002205,
-0.003208,
-0.002333,
0.0,
0.002468,
0.003592,
0.002613,
-0.0,
-0.002764,
-0.00402,
-0.002926,
0.0,
0.003098,
0.00451,
0.003283,
0.0,
-0.003479,
-0.005066,
-0.00369,
0.0,
0.003918,
0.00571,
0.00416,
-0.0,
-0.00443,
-0.006462,
-0.004715,
0.0,
0.00503,
0.007355,
0.00538,
-0.0,
-0.00576,
-0.00844,
-0.006187,
0.0,
0.006664,
0.00979,
0.007202,
-0.0,
-0.007812,
-0.01153,
-0.008514,
0.0,
0.00934,
0.01386,
0.01031,
-0.0,
-0.011475,
-0.01718,
-0.01291,
0.0,
0.01472,
0.02235,
0.01706,
-0.0,
-0.02025,
-0.03156,
-0.02484,
0.0,
0.032,
0.05292,
0.04492,
-0.0,
-0.075,
-0.1592,
-0.2251,
0.75,
-0.2251,
-0.1592,
-0.075,
-0.0,
0.04492,
0.05292,
0.032,
0.0,
-0.02484,
-0.03156,
-0.02025,
-0.0,
0.01706,
0.02235,
0.01472,
0.0,
-0.01291,
-0.01718,
-0.011475,
-0.0,
0.01031,
0.01386,
0.00934,
0.0,
-0.008514,
-0.01153,
-0.007812,
-0.0,
0.007202,
0.00979,
0.006664,
0.0,
-0.006187,
-0.00844,
-0.00576,
-0.0,
0.00538,
0.007355,
0.00503,
0.0,
-0.004715,
-0.006462,
-0.00443,
-0.0,
0.00416,
0.00571,
0.003918,
0.0,
-0.00369,
-0.005066,
-0.003479,
0.0,
0.003283,
0.00451,
0.003098,
0.0,
-0.002926,
-0.00402,
-0.002764,
-0.0,
0.002613,
0.003592,
0.002468,
0.0,
-0.002333,
-0.003208,
-0.002205,
0.0,
0.002085,
0.002865,
0.001968,
0.0,
-0.00186,
-0.002556,
-0.001757,
-0.0,
0.001658,
0.002277,
0.001565,
0.0,
-0.001476,
-0.002028,
-0.001391,
0.0,
0.001311,
0.0018,
0.001234,
0.0,
-0.001162,
-0.001593,
-0.001092,
-0.0,
0.001026,
0.001407,
0.000963,
0.0,
-0.0009036,
-0.001237,
-0.000847,
0.0,
0.000793,
0.001084,
0.0007415,
-0.0,
-0.000693,
-0.000947,
-0.000647,
-0.0,
0.000603,
0.0008235,
0.0005617,
0.0,
-0.0005226,
-0.000713,
-0.000486,
0.0,
0.000451,
0.0006146,
0.0004184,
0.0,
-0.000388,
-0.000528,
-0.000359,
-0.0,
0.000332,
0.0004518,
0.000307,
0.0,
-0.000284,
-0.0003858,
-0.0002623,
-0.0,
0.0002424,
0.0003295,
0.000224,
-0.0,
-0.0002073,
-0.000282,
-0.000192,
-0.0,
0.0001783,
0.0002432,
0.0001659,
0.0,
-0.000155,
-0.0002122,
-0.0001453,
-0.0,
0.0001371,
0.0001886,
0.0001299,
0.0,
-0.0001241,
-0.000172,
-0.00011945,
-0.0,
0.0001159,
0.000162,
0.0001134,
